,Batter_ID,BIP_middle,actual_hits_middle,expected_hits_middle,BIP_SS,actual_hits_SS,expected_hits_SS,BIP_3_4,actual_hits_3_4,expected_hits_3_4,BIP_1B,actual_hits_1B,expected_hits_1B,BIP_5_6,actual_hits_5_6,expected_hits_5_6,BIP_2B,actual_hits_2B,expected_hits_2B,BIP_3B,actual_hits_3B,expected_hits_3B
0,8889924,26,12,10.760481156405682,4,3,0.9854945024315471,8,4,2.6340760496203623,2,0,0.2227368914936813,4,2,0.9935976805843523,13,1,2.0284055381474797,6,3,1.5449871084945084
1,8889923,9,5,4.0061753955845045,4,3,1.536197582849325,5,3,1.9574188723925976,4,1,0.46581270490212945,1,1,0.22744493683921616,3,0,0.37173170870516997,0,0,0.0
2,8886492,0,0,0.0,0,0,0.0,0,0,0.0,0,0,0.0,0,0,0.0,0,0,0.0,1,0,0.4813991764126895
3,8881734,0,0,0.0,0,0,0.0,0,0,0.0,0,0,0.0,1,1,0.8918039713929027,0,0,0.0,0,0,0.0
4,8889935,8,6,3.013495670728198,9,1,2.013167105573438,0,0,0.0,0,0,0.0,4,1,2.359442267731885,1,1,0.7256106910696714,1,0,0.3464836216917191
5,8886465,0,0,0.0,0,0,0.0,1,1,0.8796111806506095,0,0,0.0,0,0,0.0,0,0,0.0,0,0,0.0
6,8881728,1,0,0.27276876501504604,0,0,0.0,0,0,0.0,0,0,0.0,0,0,0.0,0,0,0.0,0,0,0.0
7,8886462,0,0,0.0,1,0,0.0019530718067441446,0,0,0.0,0,0,0.0,0,0,0.0,0,0,0.0,0,0,0.0
8,8886477,0,0,0.0,0,0,0.0,1,0,0.61204798640041,0,0,0.0,0,0,0.0,0,0,0.0,0,0,0.0
9,8889949,2,1,0.5347752167732209,1,1,0.4331589145649105,0,0,0.0,1,0,0.1130503163546907,0,0,0.0,0,0,0.0,1,0,-0.003610054442467092
10,8889925,0,0,0.0,0,0,0.0,0,0,0.0,1,0,0.06773662592350216,0,0,0.0,0,0,0.0,0,0,0.0
11,8889921,6,3,1.8042677243226108,2,1,0.5046828285754142,1,1,0.42600088700987304,0,0,0.0,6,4,3.1991644616654638,3,0,0.1455149166457399,2,0,0.25468621985502704
12,8886496,3,1,0.6992563718085225,2,0,0.2313137534658454,0,0,0.0,0,0,0.0,1,0,0.4250464779343289,0,0,0.0,0,0,0.0
13,8880671,2,1,0.44333382427681783,2,0,0.41397481855896023,0,0,0.0,0,0,0.0,1,1,0.5011205211603469,2,1,0.45541749829133105,2,0,0.06948759365402513
14,1110021,1,0,0.7471733307268359,0,0,0.0,0,0,0.0,1,0,0.11844270146914172,0,0,0.0,1,1,0.3204964642914326,1,1,0.20744216358579992
15,8889933,0,0,0.0,0,0,0.0,0,0,0.0,1,0,0.058002231043507824,0,0,0.0,1,0,0.08938375083537514,0,0,0.0
16,999804,3,1,1.299491534044215,0,0,0.0,0,0,0.0,0,0,0.0,0,0,0.0,0,0,0.0,0,0,0.0
17,8889937,28,16,11.119570654095085,4,1,1.079623415953887,13,4,4.783093746779863,12,3,2.743839451852578,4,1,2.232633283454658,17,3,5.143070298212552,1,1,0.14107459077263895
18,1110015,0,0,0.0,0,0,0.0,1,1,0.32352548316161833,0,0,0.0,0,0,0.0,0,0,0.0,0,0,0.0
19,1110014,2,1,0.49220756301475177,0,0,0.0,0,0,0.0,0,0,0.0,0,0,0.0,0,0,0.0,0,0,0.0
20,8886500,1,0,0.3689923219887263,1,1,0.3532086085315524,0,0,0.0,0,0,0.0,1,0,0.3231625671746734,0,0,0.0,0,0,0.0
21,8889918,2,0,0.7565171472583443,1,0,0.11795352461506432,1,0,0.09329983857092816,1,0,0.04364413551067642,4,2,1.5781374854322603,2,0,-0.2723568516322456,1,0,0.2819782243714433
22,1110024,1,0,0.5789040843567825,1,0,0.17942578901829226,0,0,0.0,0,0,0.0,0,0,0.0,0,0,0.0,0,0,0.0
23,8882062,3,0,0.9292586598325828,1,0,0.3231782951626548,1,0,0.000466147682504664,0,0,0.0,0,0,0.0,0,0,0.0,0,0,0.0
24,8889917,19,10,7.431673656425249,9,1,1.85259182090181,2,2,1.7288077371991293,2,1,0.5960384289895019,12,7,6.284204866038567,4,0,0.55888477220679,11,4,2.412671893311434
25,8882669,1,0,0.3632101351969665,0,0,0.0,0,0,0.0,0,0,0.0,0,0,0.0,0,0,0.0,0,0,0.0
26,8882666,0,0,0.0,0,0,0.0,0,0,0.0,0,0,0.0,0,0,0.0,0,0,0.0,1,1,0.623259982714746
27,8882922,3,0,1.2880728630712182,0,0,0.0,0,0,0.0,0,0,0.0,0,0,0.0,0,0,0.0,0,0,0.0
28,8882904,0,0,0.0,1,0,0.3431636181701813,0,0,0.0,0,0,0.0,0,0,0.0,0,0,0.0,0,0,0.0
29,8889922,21,7,7.64124475551516,6,1,0.5503480306587683,12,3,3.9018625682011763,6,1,1.024736248822867,3,2,1.465320018402254,12,2,3.3667344151254945,0,0,0.0
30,8882914,0,0,0.0,0,0,0.0,0,0,0.0,1,0,0.057099376511559885,0,0,0.0,0,0,0.0,0,0,0.0
31,8882916,0,0,0.0,1,1,0.19175486655204227,0,0,0.0,0,0,0.0,0,0,0.0,2,1,0.6364616652959973,0,0,0.0
32,8889929,8,5,3.2286706921840604,6,1,2.2307310130518987,1,0,0.025460227923381627,2,0,0.1668372022509222,3,2,1.8262348889642457,0,0,0.0,4,0,0.04437820006974881
33,8892222,0,0,0.0,0,0,0.0,0,0,0.0,1,0,0.047121900190984056,0,0,0.0,1,0,0.4679187507855318,0,0,0.0
34,8882903,1,0,0.14052556469112545,0,0,0.0,0,0,0.0,0,0,0.0,0,0,0.0,0,0,0.0,0,0,0.0
35,8891699,0,0,0.0,0,0,0.0,0,0,0.0,0,0,0.0,2,2,1.149411643174218,1,0,0.1557422464301484,1,0,0.3809930309539755
36,8891688,0,0,0.0,0,0,0.0,0,0,0.0,0,0,0.0,2,2,1.325708574285098,0,0,0.0,1,0,0.4552610591711219
37,8891705,0,0,0.0,0,0,0.0,1,0,0.15212287861901433,0,0,0.0,0,0,0.0,1,0,0.013183785256257465,0,0,0.0
38,8891689,1,1,0.4925464836112412,0,0,0.0,0,0,0.0,0,0,0.0,0,0,0.0,0,0,0.0,0,0,0.0
39,8891690,1,0,0.06082653729510179,0,0,0.0,0,0,0.0,0,0,0.0,1,1,0.9634488000141744,0,0,0.0,0,0,0.0
40,8891749,0,0,0.0,1,0,0.19620463860677326,0,0,0.0,0,0,0.0,2,0,0.3768528898513404,0,0,0.0,0,0,0.0
41,8881867,0,0,0.0,0,0,0.0,1,0,0.33272645581218785,0,0,0.0,0,0,0.0,0,0,0.0,0,0,0.0
42,8881866,1,0,0.4034199808873508,0,0,0.0,0,0,0.0,0,0,0.0,0,0,0.0,0,0,0.0,0,0,0.0
43,8881863,3,1,1.15761008364746,0,0,0.0,0,0,0.0,0,0,0.0,0,0,0.0,1,0,0.0373170415794542,0,0,0.0
44,8881877,0,0,0.0,2,0,0.5958132428110698,0,0,0.0,0,0,0.0,0,0,0.0,0,0,0.0,0,0,0.0
45,8881884,0,0,0.0,0,0,0.0,0,0,0.0,0,0,0.0,0,0,0.0,1,0,0.046383283420718735,0,0,0.0
46,8892230,0,0,0.0,0,0,0.0,0,0,0.0,0,0,0.0,0,0,0.0,0,0,0.0,1,0,0.2944017983971796
47,8892229,1,0,0.4052096902042827,0,0,0.0,0,0,0.0,0,0,0.0,0,0,0.0,0,0,0.0,0,0,0.0
48,8882674,0,0,0.0,0,0,0.0,1,0,0.3047270083396681,0,0,0.0,0,0,0.0,0,0,0.0,0,0,0.0
49,8882681,0,0,0.0,0,0,0.0,1,0,0.3643315104737301,0,0,0.0,0,0,0.0,1,0,0.4045168421172674,0,0,0.0
50,8882690,0,0,0.0,0,0,0.0,0,0,0.0,0,0,0.0,3,0,0.8433764539327995,0,0,0.0,1,1,0.7291179245011565
51,8888946,19,6,7.023150122930025,15,5,3.585607241152854,3,1,1.105552620940226,3,0,0.6037922912268641,10,6,5.0692820672072205,8,4,3.6623639180807093,9,4,3.2455785917173294
52,8882664,0,0,0.0,0,0,0.0,0,0,0.0,0,0,0.0,0,0,0.0,1,0,0.07107810519698915,2,0,0.5186615858120831
53,8882695,1,0,0.40570750956989415,0,0,0.0,0,0,0.0,0,0,0.0,0,0,0.0,1,0,0.06300957619285312,0,0,0.0
54,8882687,0,0,0.0,0,0,0.0,0,0,0.0,0,0,0.0,1,0,-0.019326006372240245,0,0,0.0,0,0,0.0
55,8892804,0,0,0.0,0,0,0.0,0,0,0.0,0,0,0.0,0,0,0.0,1,1,0.5141790095678971,0,0,0.0
56,8886413,1,0,0.2761737796465465,0,0,0.0,0,0,0.0,0,0,0.0,0,0,0.0,0,0,0.0,0,0,0.0
57,8892832,1,0,0.2190244974120613,0,0,0.0,0,0,0.0,0,0,0.0,0,0,0.0,0,0,0.0,0,0,0.0
58,8886417,0,0,0.0,0,0,0.0,0,0,0.0,1,1,0.16614053398366374,0,0,0.0,0,0,0.0,0,0,0.0
59,8892824,1,0,0.2394324565103559,0,0,0.0,0,0,0.0,0,0,0.0,0,0,0.0,0,0,0.0,0,0,0.0
60,8892755,1,0,0.4057957172079804,1,0,-0.04839600500938851,0,0,0.0,0,0,0.0,0,0,0.0,0,0,0.0,0,0,0.0
61,8892770,0,0,0.0,0,0,0.0,0,0,0.0,1,0,0.12757867435352094,0,0,0.0,0,0,0.0,1,0,-0.334152791788084
62,8892742,1,0,0.17785727859098732,0,0,0.0,0,0,0.0,0,0,0.0,1,0,0.3247459352331423,0,0,0.0,0,0,0.0
63,8892751,1,1,0.7651039999923666,0,0,0.0,0,0,0.0,0,0,0.0,0,0,0.0,0,0,0.0,0,0,0.0
64,8892773,0,0,0.0,1,0,0.181814985186442,0,0,0.0,0,0,0.0,0,0,0.0,0,0,0.0,0,0,0.0
65,8892736,0,0,0.0,2,0,0.10981474325093965,0,0,0.0,0,0,0.0,0,0,0.0,0,0,0.0,0,0,0.0
66,8892788,1,0,0.2552488316709515,0,0,0.0,0,0,0.0,0,0,0.0,0,0,0.0,0,0,0.0,0,0,0.0
67,8889926,6,1,2.089916682050399,6,2,1.3295203515100644,0,0,0.0,0,0,0.0,3,1,1.5038687014883276,0,0,0.0,4,0,0.6688816180205812
68,8892953,0,0,0.0,0,0,0.0,0,0,0.0,1,0,0.1335243278431676,0,0,0.0,0,0,0.0,0,0,0.0
69,8880258,0,0,0.0,0,0,0.0,0,0,0.0,1,0,0.032832972695674145,0,0,0.0,0,0,0.0,0,0,0.0
70,8880262,1,1,0.364368730952364,1,0,0.24852770574966535,0,0,0.0,0,0,0.0,0,0,0.0,0,0,0.0,0,0,0.0
71,8888763,14,5,5.760046606405067,8,1,1.5109459243127479,2,0,1.230130365117978,1,1,0.07849434331817358,17,7,8.076234350822988,4,1,0.6609169068284718,4,0,0.11026744389111617
72,8892954,0,0,0.0,1,0,0.106201891458732,0,0,0.0,0,0,0.0,0,0,0.0,0,0,0.0,0,0,0.0
73,8880259,0,0,0.0,0,0,0.0,0,0,0.0,1,1,0.5681672529925417,0,0,0.0,0,0,0.0,0,0,0.0
74,8880246,1,0,0.15067868186280706,0,0,0.0,0,0,0.0,0,0,0.0,0,0,0.0,0,0,0.0,0,0,0.0
75,8880257,1,0,0.3450458708760343,0,0,0.0,0,0,0.0,0,0,0.0,0,0,0.0,0,0,0.0,0,0,0.0
76,8892789,0,0,0.0,0,0,0.0,0,0,0.0,0,0,0.0,2,1,0.8351815664501009,1,0,-0.04928837816841691,0,0,0.0
77,8892803,1,0,0.2058975658588122,1,0,-0.002024393203510111,0,0,0.0,0,0,0.0,0,0,0.0,0,0,0.0,0,0,0.0
78,8892785,0,0,0.0,0,0,0.0,0,0,0.0,0,0,0.0,0,0,0.0,1,1,0.6795730986552153,0,0,0.0
79,8892778,0,0,0.0,0,0,0.0,0,0,0.0,1,0,0.0335479660200973,0,0,0.0,0,0,0.0,0,0,0.0
80,8884131,0,0,0.0,0,0,0.0,0,0,0.0,0,0,0.0,1,1,0.9205846246950868,0,0,0.0,0,0,0.0
81,8884118,0,0,0.0,0,0,0.0,1,0,0.34377723868571025,0,0,0.0,0,0,0.0,0,0,0.0,0,0,0.0
82,8893545,0,0,0.0,1,0,0.11878770396313447,0,0,0.0,0,0,0.0,0,0,0.0,0,0,0.0,0,0,0.0
83,8884120,0,0,0.0,0,0,0.0,1,0,0.4690011827842062,0,0,0.0,0,0,0.0,0,0,0.0,0,0,0.0
84,8884136,1,0,0.37684304378949424,0,0,0.0,0,0,0.0,0,0,0.0,0,0,0.0,0,0,0.0,0,0,0.0
85,8893537,1,0,0.2520810302759102,0,0,0.0,0,0,0.0,0,0,0.0,0,0,0.0,0,0,0.0,0,0,0.0
86,8884135,0,0,0.0,0,0,0.0,1,0,0.4549583587095054,0,0,0.0,0,0,0.0,0,0,0.0,0,0,0.0
87,642215,2,0,0.21267568766654027,1,0,0.05888893052086569,0,0,0.0,0,0,0.0,1,1,0.3903322390468431,0,0,0.0,0,0,0.0
88,8884529,6,3,2.0324602189560776,1,0,0.3601601272938402,0,0,0.0,0,0,0.0,3,2,0.9914261456845719,1,0,-0.013075637194714385,1,0,0.2877268400894297
89,8884539,0,0,0.0,1,0,0.030554241664844495,0,0,0.0,0,0,0.0,1,1,0.15704564727872986,0,0,0.0,0,0,0.0
90,8884522,1,0,0.3944452832008349,0,0,0.0,0,0,0.0,0,0,0.0,1,0,0.22232148137733376,0,0,0.0,0,0,0.0
91,8890878,2,1,0.8869668209739805,2,0,0.5102768130112151,3,2,1.55670832675706,0,0,0.0,2,0,0.7624793889128051,0,0,0.0,4,0,1.1134833186457427
92,8884531,1,0,0.3324235954560957,2,0,0.31652298115805144,0,0,0.0,0,0,0.0,0,0,0.0,0,0,0.0,0,0,0.0
93,8884523,0,0,0.0,1,0,-0.005836397521948644,0,0,0.0,0,0,0.0,0,0,0.0,0,0,0.0,0,0,0.0
94,666179,3,1,1.3824018613458853,1,0,0.1797223685383455,7,3,4.282414205864668,5,0,0.5587125282716967,0,0,0.0,1,0,0.3411999453599452,1,0,-0.03543638747131439
95,8884520,0,0,0.0,0,0,0.0,0,0,0.0,0,0,0.0,0,0,0.0,1,0,0.09463530857010087,0,0,0.0
96,8884540,0,0,0.0,0,0,0.0,1,1,0.5324315744414445,0,0,0.0,0,0,0.0,0,0,0.0,1,0,-0.12241776667554173
97,8884528,1,0,0.30767730381551234,0,0,0.0,0,0,0.0,0,0,0.0,0,0,0.0,0,0,0.0,0,0,0.0
98,670133,1,0,0.4288497151978453,0,0,0.0,0,0,0.0,0,0,0.0,0,0,0.0,0,0,0.0,3,1,1.0125322487378554
99,8883994,1,0,0.3090160362199577,0,0,0.0,0,0,0.0,0,0,0.0,1,1,0.6008052732679778,0,0,0.0,0,0,0.0
100,8883999,1,0,0.2005944992857836,0,0,0.0,0,0,0.0,0,0,0.0,0,0,0.0,0,0,0.0,1,1,0.5459379249055418
101,8893300,1,1,0.4641385673066306,0,0,0.0,0,0,0.0,0,0,0.0,0,0,0.0,1,0,0.03678041902292578,0,0,0.0
102,8883991,1,0,0.2861528294309747,0,0,0.0,0,0,0.0,0,0,0.0,0,0,0.0,1,0,0.28356454803270753,0,0,0.0
103,8882971,0,0,0.0,1,1,0.7806380273804068,0,0,0.0,0,0,0.0,1,0,-0.2640849974777901,0,0,0.0,0,0,0.0
104,8882950,1,0,0.11725071381981945,0,0,0.0,0,0,0.0,0,0,0.0,0,0,0.0,2,0,0.18941523632406665,0,0,0.0
105,8882966,2,1,0.4134036280000028,0,0,0.0,0,0,0.0,0,0,0.0,0,0,0.0,0,0,0.0,0,0,0.0
106,8882079,1,1,0.6342047159090438,8,0,2.4338004078057835,0,0,0.0,0,0,0.0,6,1,1.5245451483926566,2,2,0.844966769076593,2,1,1.1252386950490059
107,1123663,0,0,0.0,0,0,0.0,0,0,0.0,1,0,0.1215884578325136,0,0,0.0,0,0,0.0,0,0,0.0
108,8882084,13,3,4.4660209913708435,6,2,1.2631320819266463,3,1,0.35400114791954573,2,0,0.20692012054775893,5,4,2.8542580536629822,3,1,0.39251572954380565,6,0,0.1764238437917789
109,8892144,14,5,5.435778690316961,7,2,1.267045012741739,1,0,-0.1270558305941868,2,1,0.24518389067507854,0,0,0.0,2,0,0.08811724806651862,3,0,0.2628076124210361
110,665052,7,6,3.2374274264959206,2,2,0.2933297653241221,6,0,1.668411720798881,1,0,0.27297038305584553,0,0,0.0,4,0,1.137717588462191,0,0,0.0
111,8882085,0,0,0.0,0,0,0.0,0,0,0.0,0,0,0.0,0,0,0.0,1,0,0.2608592329329361,0,0,0.0
112,8892160,4,0,0.7051177714134496,2,1,0.3596389774956351,4,1,1.9464880858319331,3,0,0.3075467151737964,0,0,0.0,5,1,1.9813998351322586,0,0,0.0
113,8882072,0,0,0.0,1,0,0.060224234110337775,0,0,0.0,0,0,0.0,1,0,0.6070266080625764,0,0,0.0,0,0,0.0
114,8882091,0,0,0.0,1,0,0.0272753537712011,0,0,0.0,0,0,0.0,0,0,0.0,1,0,0.2044395954943156,0,0,0.0
115,8882086,1,0,0.11077093366516337,1,0,0.25535411495551624,0,0,0.0,0,0,0.0,1,1,0.10905851075519424,0,0,0.0,0,0,0.0
116,676939,7,3,3.0860082307788033,3,1,0.9035664657711291,0,0,0.0,0,0,0.0,5,2,2.453886022920872,0,0,0.0,1,0,0.3638577543976149
117,8882077,0,0,0.0,0,0,0.0,0,0,0.0,0,0,0.0,0,0,0.0,1,0,-0.021333782870642196,0,0,0.0
118,670365,0,0,0.0,0,0,0.0,0,0,0.0,0,0,0.0,0,0,0.0,0,0,0.0,2,0,0.34141315663547284
119,8894485,1,1,0.3898632242247166,0,0,0.0,0,0,0.0,0,0,0.0,1,0,0.24700013390927025,1,1,0.3637661306530455,0,0,0.0
120,8894504,0,0,0.0,2,0,0.09154777694728822,0,0,0.0,0,0,0.0,0,0,0.0,0,0,0.0,0,0,0.0
121,680938,2,0,0.6479811174671049,0,0,0.0,0,0,0.0,0,0,0.0,0,0,0.0,1,0,0.06586773958358916,1,0,0.1226969520002883
122,670136,0,0,0.0,0,0,0.0,0,0,0.0,0,0,0.0,0,0,0.0,1,0,-0.015228344827320772,0,0,0.0
123,900084,0,0,0.0,1,0,0.23989942504196146,0,0,0.0,0,0,0.0,1,0,0.4955202339374051,0,0,0.0,0,0,0.0
124,8891418,1,0,0.3570889079245327,0,0,0.0,0,0,0.0,0,0,0.0,0,0,0.0,0,0,0.0,1,0,0.03775590127001793
125,900067,0,0,0.0,0,0,0.0,0,0,0.0,1,0,0.21088873560476476,0,0,0.0,2,1,0.6249888323699964,0,0,0.0
126,663728,1,1,0.23639985086165935,2,2,0.8238834167637618,1,0,0.5185223350423664,3,0,0.2792322822890936,0,0,0.0,1,0,0.07494378889040447,0,0,0.0
127,900083,1,0,0.12474283558542648,1,1,0.13944789311312128,0,0,0.0,0,0,0.0,0,0,0.0,1,1,0.4145385457565934,0,0,0.0
128,663622,4,2,1.9182536902789886,0,0,0.0,2,1,0.7124888786975211,1,0,0.04462107020995265,0,0,0.0,2,0,-0.0003519263043704193,1,0,0.21738211721567247
129,900068,0,0,0.0,1,1,0.021768622875451168,0,0,0.0,0,0,0.0,1,1,0.8918086148973624,0,0,0.0,0,0,0.0
130,900077,1,0,-0.16498351045720214,1,0,0.1823866158827087,0,0,0.0,0,0,0.0,1,1,0.16042263471043228,0,0,0.0,0,0,0.0
131,8891416,0,0,0.0,0,0,0.0,0,0,0.0,0,0,0.0,0,0,0.0,1,0,0.08071864988757542,0,0,0.0
132,8880056,2,1,1.1341692658184754,0,0,0.0,0,0,0.0,1,1,0.22086009354239103,0,0,0.0,2,0,0.11622957812770329,0,0,0.0
133,8890000,4,2,1.6589654462453423,2,1,0.5170505684207202,2,2,1.225936671122885,2,0,0.25965407797516415,0,0,0.0,3,0,0.6368187123987253,0,0,0.0
134,8882314,8,4,3.303388184893094,4,0,1.1924136508560945,0,0,0.0,1,0,0.06302808026844753,0,0,0.0,1,0,0.06743295946038058,0,0,0.0
135,8880069,1,0,0.3059518577728933,3,0,0.7294333873220995,0,0,0.0,0,0,0.0,1,1,0.4886384991830727,0,0,0.0,2,0,0.2233128583190989
136,8890004,0,0,0.0,0,0,0.0,0,0,0.0,0,0,0.0,0,0,0.0,1,0,0.298991889833303,0,0,0.0
137,8880048,0,0,0.0,0,0,0.0,0,0,0.0,0,0,0.0,1,0,0.18524877236140447,0,0,0.0,0,0,0.0
138,8890002,0,0,0.0,2,0,0.4324356418063291,0,0,0.0,0,0,0.0,2,2,0.9349832112378957,0,0,0.0,2,0,0.1658878499643497
139,8880067,0,0,0.0,0,0,0.0,1,1,0.4626415921323761,1,0,0.0840221416853753,0,0,0.0,0,0,0.0,0,0,0.0
140,8890001,2,1,0.40069816369107336,2,0,0.11072122795453077,0,0,0.0,0,0,0.0,4,3,2.437319778837815,0,0,0.0,3,0,0.28908691388708263
141,8893356,0,0,0.0,1,0,0.2222730860180187,0,0,0.0,0,0,0.0,2,1,0.7311802011134021,0,0,0.0,0,0,0.0
142,8882402,0,0,0.0,0,0,0.0,1,0,0.1550604336036507,0,0,0.0,0,0,0.0,0,0,0.0,0,0,0.0
143,8882407,1,1,0.4032587875581482,0,0,0.0,0,0,0.0,0,0,0.0,0,0,0.0,0,0,0.0,0,0,0.0
144,8893363,1,0,0.2764633667300131,0,0,0.0,0,0,0.0,0,0,0.0,0,0,0.0,0,0,0.0,0,0,0.0
145,8887754,1,1,0.6507335785187514,1,1,0.2970535046312072,1,1,0.8772679071726155,0,0,0.0,0,0,0.0,0,0,0.0,0,0,0.0
146,8883384,0,0,0.0,1,0,0.19579449240636554,0,0,0.0,0,0,0.0,1,0,0.2480411981378847,0,0,0.0,1,1,0.734477596578921
147,8883393,0,0,0.0,1,1,0.2698389613722628,0,0,0.0,1,0,0.21911419700043425,0,0,0.0,1,0,0.18687627994203154,0,0,0.0
148,8887744,1,0,0.3386094852118424,1,0,0.16998566483169847,1,1,0.5935369610913916,0,0,0.0,1,0,0.5848657060629125,0,0,0.0,2,0,0.009004915295337312
149,8887738,2,1,0.7854685749648418,0,0,0.0,0,0,0.0,0,0,0.0,0,0,0.0,0,0,0.0,0,0,0.0
150,8887741,0,0,0.0,0,0,0.0,1,1,0.5151105610710094,1,0,0.10668086701923496,0,0,0.0,0,0,0.0,0,0,0.0
151,8887746,1,1,0.5674283812250114,1,0,0.24077531879372374,0,0,0.0,0,0,0.0,0,0,0.0,0,0,0.0,0,0,0.0
152,8883387,1,1,0.5561108819879177,1,0,0.05120674160479583,0,0,0.0,0,0,0.0,0,0,0.0,1,0,0.02167772076461738,0,0,0.0
153,8888744,0,0,0.0,0,0,0.0,0,0,0.0,0,0,0.0,0,0,0.0,0,0,0.0,1,0,0.04414335643803513
154,8882775,1,0,0.25078947057158296,1,1,0.5649309343559363,1,0,0.10590684191661516,0,0,0.0,0,0,0.0,0,0,0.0,0,0,0.0
155,8900669,0,0,0.0,0,0,0.0,1,1,0.7016191605811575,0,0,0.0,0,0,0.0,0,0,0.0,0,0,0.0
156,8888760,53,22,20.9422517867088,20,3,3.9524427661177093,5,3,1.5751459378977464,8,3,0.6807063343653346,13,6,4.703633620766619,19,8,5.514597713913021,9,4,1.2986063213255843
157,680968,2,1,0.925161876243455,0,0,0.0,0,0,0.0,0,0,0.0,0,0,0.0,0,0,0.0,0,0,0.0
158,8899333,2,1,0.9577671622950326,1,1,0.3040638697899685,0,0,0.0,0,0,0.0,1,0,0.3541873307832427,0,0,0.0,1,0,0.18816891202993125
159,8899326,20,8,8.810493229568177,11,2,2.565345932305112,6,3,2.0746516649471896,0,0,0.0,8,6,3.674068079812826,7,3,1.8459968852437578,8,3,2.2554773576309417
160,8894512,1,1,0.7072310149803946,0,0,0.0,0,0,0.0,0,0,0.0,0,0,0.0,0,0,0.0,0,0,0.0
161,8882769,1,1,0.523800747097676,0,0,0.0,0,0,0.0,0,0,0.0,0,0,0.0,0,0,0.0,0,0,0.0
162,8900667,0,0,0.0,0,0,0.0,0,0,0.0,0,0,0.0,1,0,0.2341408229512234,1,0,0.021241880087164818,0,0,0.0
163,8899819,3,2,1.4777422756988872,0,0,0.0,0,0,0.0,0,0,0.0,1,0,0.021372023124605063,0,0,0.0,0,0,0.0
164,8888552,0,0,0.0,3,1,0.8848201777725677,0,0,0.0,0,0,0.0,0,0,0.0,0,0,0.0,0,0,0.0
165,8890767,1,0,0.3150358739129068,0,0,0.0,0,0,0.0,1,0,0.11338653827783185,0,0,0.0,0,0,0.0,0,0,0.0
166,663457,2,0,0.6254800088005856,0,0,0.0,0,0,0.0,1,1,0.2053163659768684,0,0,0.0,0,0,0.0,0,0,0.0
167,8889850,1,0,0.10545923617384473,0,0,0.0,0,0,0.0,0,0,0.0,0,0,0.0,0,0,0.0,0,0,0.0
168,8899327,2,2,0.42654389175284974,1,1,0.4285446416827665,1,0,0.33366615182888204,0,0,0.0,0,0,0.0,4,0,0.27311371136515267,0,0,0.0
169,8881636,2,1,0.6215806573388398,1,0,0.3764152362621442,0,0,0.0,0,0,0.0,0,0,0.0,0,0,0.0,0,0,0.0
170,8891474,2,0,1.0596015003787338,0,0,0.0,0,0,0.0,0,0,0.0,0,0,0.0,0,0,0.0,2,1,0.7806570555824348
171,8899821,2,0,0.6363799523434331,0,0,0.0,1,0,0.3871013635853592,0,0,0.0,0,0,0.0,1,0,0.02822113485042255,0,0,0.0
172,9001022,1,0,0.6845632249340143,0,0,0.0,0,0,0.0,0,0,0.0,0,0,0.0,0,0,0.0,0,0,0.0
173,2211528,1,0,0.4654400228978639,0,0,0.0,0,0,0.0,0,0,0.0,0,0,0.0,1,0,0.10842194168233538,0,0,0.0
174,8890766,1,0,0.3083890178736285,0,0,0.0,0,0,0.0,0,0,0.0,0,0,0.0,0,0,0.0,0,0,0.0
175,8882693,0,0,0.0,0,0,0.0,0,0,0.0,1,0,0.1338896792310359,0,0,0.0,0,0,0.0,0,0,0.0
176,8882665,1,0,0.6275503061052394,0,0,0.0,0,0,0.0,0,0,0.0,0,0,0.0,0,0,0.0,0,0,0.0
177,8899329,1,1,0.4040421444156686,2,0,0.27134680110182463,0,0,0.0,0,0,0.0,0,0,0.0,1,1,0.2766396053351606,1,1,0.7453042285614915
178,8899332,7,4,2.065089307081645,1,0,0.3200417329981193,1,0,0.2494105176988353,1,1,-0.004779755914222693,4,2,2.051412996754498,2,1,0.851106473052315,2,1,0.3955482545525322
179,8893965,1,0,0.2524941386464171,0,0,0.0,0,0,0.0,0,0,0.0,0,0,0.0,1,0,0.052625384864491975,0,0,0.0
180,8888872,0,0,0.0,0,0,0.0,0,0,0.0,0,0,0.0,1,1,0.42401736363105136,0,0,0.0,0,0,0.0
181,8893957,2,1,0.6285911394281006,0,0,0.0,0,0,0.0,0,0,0.0,0,0,0.0,0,0,0.0,0,0,0.0
182,8893961,0,0,0.0,1,0,0.09301934993936484,0,0,0.0,0,0,0.0,0,0,0.0,0,0,0.0,1,0,0.41789978366759417
183,8893954,1,0,0.3059133048467269,0,0,0.0,1,0,0.5048437842341709,0,0,0.0,0,0,0.0,0,0,0.0,0,0,0.0
184,8893978,1,0,0.3677725176161637,0,0,0.0,1,0,0.37639973693169465,0,0,0.0,0,0,0.0,0,0,0.0,0,0,0.0
185,8893959,1,0,0.0907595533261259,0,0,0.0,0,0,0.0,0,0,0.0,0,0,0.0,0,0,0.0,0,0,0.0
186,8893964,0,0,0.0,0,0,0.0,0,0,0.0,0,0,0.0,0,0,0.0,0,0,0.0,1,0,-0.11104363125794016
187,8893960,1,0,0.5182810733637948,0,0,0.0,0,0,0.0,0,0,0.0,1,1,0.9038392596411272,1,0,8.663468810182763e-05,0,0,0.0
188,8901580,0,0,0.0,0,0,0.0,0,0,0.0,0,0,0.0,0,0,0.0,0,0,0.0,1,0,-0.025794861144327275
189,8892092,1,0,0.17835278506231822,0,0,0.0,1,0,0.3360714132500052,0,0,0.0,0,0,0.0,1,0,0.11778792289396472,0,0,0.0
190,9999254,1,0,0.13261060019876894,0,0,0.0,0,0,0.0,0,0,0.0,0,0,0.0,0,0,0.0,0,0,0.0
191,8892087,2,0,0.7887815214983339,0,0,0.0,0,0,0.0,0,0,0.0,2,0,0.8492341398979983,0,0,0.0,0,0,0.0
192,8892077,0,0,0.0,0,0,0.0,0,0,0.0,0,0,0.0,0,0,0.0,1,0,0.1469213446718421,0,0,0.0
193,9999253,2,1,0.7437051441317295,1,0,-0.02842542397551645,0,0,0.0,1,0,0.11545754001800534,0,0,0.0,0,0,0.0,0,0,0.0
194,9999251,0,0,0.0,2,0,0.07299593778053476,1,0,0.12624149915396632,0,0,0.0,0,0,0.0,0,0,0.0,0,0,0.0
195,8889930,5,0,1.3437904998639654,3,0,0.5470826437491277,2,0,1.1944837947836062,0,0,0.0,5,2,2.213393521908423,2,1,0.0964468500348386,4,1,1.416304534105334
196,9999249,0,0,0.0,0,0,0.0,0,0,0.0,0,0,0.0,0,0,0.0,1,0,0.036032094603229314,0,0,0.0
197,8892080,0,0,0.0,1,0,0.059498590060623024,0,0,0.0,0,0,0.0,0,0,0.0,0,0,0.0,0,0,0.0
198,9999255,0,0,0.0,0,0,0.0,0,0,0.0,0,0,0.0,0,0,0.0,1,0,0.09749277774776116,0,0,0.0
199,8901125,0,0,0.0,0,0,0.0,0,0,0.0,0,0,0.0,1,0,0.5336556858230183,0,0,0.0,0,0,0.0
200,8893025,2,0,0.7325937810785195,0,0,0.0,0,0,0.0,0,0,0.0,0,0,0.0,0,0,0.0,2,0,0.303089503437485
201,8893010,1,0,0.24853587463745225,0,0,0.0,0,0,0.0,0,0,0.0,0,0,0.0,0,0,0.0,0,0,0.0
202,8893031,0,0,0.0,0,0,0.0,0,0,0.0,1,0,0.09040895533654586,0,0,0.0,0,0,0.0,0,0,0.0
203,8893029,0,0,0.0,1,0,0.4334087391872887,0,0,0.0,0,0,0.0,0,0,0.0,0,0,0.0,0,0,0.0
204,8893014,0,0,0.0,0,0,0.0,0,0,0.0,0,0,0.0,0,0,0.0,0,0,0.0,1,0,0.33499404024643603
205,656717,5,3,2.225916434292982,1,0,0.2765357533518373,0,0,0.0,1,1,0.2630199229778646,5,4,2.5356616709932283,0,0,0.0,0,0,0.0
206,8900955,1,1,0.3130892928165257,0,0,0.0,0,0,0.0,1,0,0.05409994816239605,1,0,0.3986374212149675,0,0,0.0,3,1,0.5958976679278192
207,8888416,1,0,0.4180084076526383,2,1,0.24588954463739685,1,0,0.09751331299205827,1,0,0.14803183009027876,0,0,0.0,1,0,0.18223645657835613,0,0,0.0
208,656361,5,2,1.4385827643310944,1,1,0.17667391242912395,1,0,0.4221855001995741,1,0,0.10347706090998704,1,0,0.0709444109125168,0,0,0.0,0,0,0.0
209,8883660,2,0,0.44369203602613216,1,0,0.050932884112480266,0,0,0.0,0,0,0.0,1,0,0.5105443565047422,0,0,0.0,0,0,0.0
210,8883653,0,0,0.0,2,0,0.004133849725041938,0,0,0.0,0,0,0.0,1,0,-0.004020509840659381,0,0,0.0,0,0,0.0
211,8883670,0,0,0.0,0,0,0.0,2,0,0.5219426847206796,0,0,0.0,0,0,0.0,1,0,-0.02563983128599689,0,0,0.0
212,8882450,0,0,0.0,1,0,0.3600879136120682,0,0,0.0,0,0,0.0,2,0,0.6815512210335278,0,0,0.0,2,0,-0.07486216707576876
213,680575,3,1,1.0959744011991193,0,0,0.0,2,2,1.2326432649209942,1,0,0.11686943207698453,0,0,0.0,1,0,0.4032035059247133,0,0,0.0
214,8892157,1,1,0.6391260890577144,1,0,0.07583032120091443,0,0,0.0,0,0,0.0,0,0,0.0,0,0,0.0,0,0,0.0
215,8893474,2,1,0.9467322195087702,2,0,0.12767798165182748,0,0,0.0,0,0,0.0,0,0,0.0,0,0,0.0,0,0,0.0
216,10000737,0,0,0.0,0,0,0.0,1,0,-0.05713541541646011,1,0,0.13862944949225608,0,0,0.0,0,0,0.0,0,0,0.0
217,8893485,1,1,0.42138811217610944,0,0,0.0,0,0,0.0,0,0,0.0,3,2,1.7271141190088788,0,0,0.0,1,0,0.17825923297337276
218,8893483,0,0,0.0,1,0,0.3646376815762104,0,0,0.0,0,0,0.0,1,0,0.4677336410344585,0,0,0.0,0,0,0.0
219,10000736,0,0,0.0,2,0,0.18586270646168734,0,0,0.0,0,0,0.0,1,1,0.6426083064059281,0,0,0.0,0,0,0.0
220,8893472,1,0,0.06353002133251806,0,0,0.0,0,0,0.0,0,0,0.0,1,0,0.5637357325941937,0,0,0.0,0,0,0.0
221,663698,1,1,0.5522337776955928,0,0,0.0,0,0,0.0,0,0,0.0,0,0,0.0,0,0,0.0,0,0,0.0
222,8889453,0,0,0.0,0,0,0.0,0,0,0.0,0,0,0.0,0,0,0.0,1,0,0.09776822187359452,0,0,0.0
223,8893477,0,0,0.0,0,0,0.0,0,0,0.0,0,0,0.0,0,0,0.0,0,0,0.0,1,0,0.11426488582074112
224,10000739,0,0,0.0,0,0,0.0,0,0,0.0,0,0,0.0,0,0,0.0,0,0,0.0,1,1,0.30044544347546154
225,8893357,1,0,0.3904694963188184,0,0,0.0,0,0,0.0,0,0,0.0,0,0,0.0,0,0,0.0,0,0,0.0
226,8893346,0,0,0.0,0,0,0.0,0,0,0.0,0,0,0.0,1,1,0.4456779675413796,0,0,0.0,0,0,0.0
227,1000001038,0,0,0.0,0,0,0.0,0,0,0.0,0,0,0.0,1,0,0.03595703181795007,0,0,0.0,0,0,0.0
228,8900165,4,2,2.2303678824244972,0,0,0.0,3,1,1.5113835158114013,1,0,0.06726569929095566,0,0,0.0,2,0,0.9141749095759906,0,0,0.0
229,8880065,0,0,0.0,0,0,0.0,0,0,0.0,2,0,0.4838020037166115,0,0,0.0,0,0,0.0,0,0,0.0
230,8883175,0,0,0.0,0,0,0.0,1,0,-0.2364477223084463,0,0,0.0,0,0,0.0,0,0,0.0,0,0,0.0
231,674951,10,4,4.1701284565883014,3,2,0.9369960320475897,1,1,0.7720895932858276,1,0,0.09876326581405093,2,1,1.084312515201611,0,0,0.0,3,0,0.7144145242434563
232,8894841,0,0,0.0,1,1,0.2646854316926073,0,0,0.0,0,0,0.0,2,2,1.0318139269911417,0,0,0.0,0,0,0.0
233,663837,3,2,2.2033830912467636,4,0,0.7327224509056174,3,1,1.2738059856721453,1,1,0.11835418841356725,7,2,2.772280833402049,1,0,-0.028273129749970868,2,1,0.35131769462411455
234,641787,1,1,0.4466812284421691,0,0,0.0,2,0,0.8915232446773848,1,0,0.10881488619610974,0,0,0.0,0,0,0.0,0,0,0.0
235,8894839,5,1,1.888957400223849,7,2,1.6489196772745658,3,1,0.5133120812926764,2,0,0.18855174423345544,2,0,0.18934936639136837,5,1,0.5247024466971919,1,0,0.05973597092865601
236,8894849,1,1,0.5203007772511976,0,0,0.0,0,0,0.0,0,0,0.0,0,0,0.0,0,0,0.0,0,0,0.0
237,8894845,4,2,1.3354647698233746,2,1,0.4881384420465914,3,1,1.2209263389888272,2,0,0.43308220230262834,1,0,0.3388223222328641,5,0,0.8074765421885395,0,0,0.0
238,9999668,8,2,3.750620639272236,0,0,0.0,2,2,1.130287031651798,2,0,0.39131212898609885,1,0,0.4608773509860937,4,1,1.026561463648763,3,0,0.5183583140000709
239,9999677,0,0,0.0,0,0,0.0,0,0,0.0,0,0,0.0,1,0,0.2840476191912837,0,0,0.0,0,0,0.0
240,8882949,1,0,0.3212134852902326,0,0,0.0,0,0,0.0,1,0,0.08892326042010829,0,0,0.0,0,0,0.0,0,0,0.0
241,8901359,1,1,0.34211434402316737,1,0,0.027554206225574533,0,0,0.0,0,0,0.0,0,0,0.0,1,1,0.7063028325272875,1,0,-0.012408604357291077
242,8882945,3,2,0.7484854096848801,0,0,0.0,0,0,0.0,0,0,0.0,0,0,0.0,0,0,0.0,0,0,0.0
243,8901353,1,0,0.1880421779636845,0,0,0.0,0,0,0.0,0,0,0.0,0,0,0.0,0,0,0.0,0,0,0.0
244,8893818,0,0,0.0,0,0,0.0,0,0,0.0,0,0,0.0,1,0,0.7810703416185447,0,0,0.0,0,0,0.0
245,8886502,1,0,0.14167047464491514,0,0,0.0,1,0,-0.004158924737897057,0,0,0.0,2,1,0.8818795637719204,0,0,0.0,0,0,0.0
246,10000084,1,1,0.4476215895398916,1,0,0.135200941632937,0,0,0.0,0,0,0.0,1,0,0.3151919922489945,0,0,0.0,0,0,0.0
247,8892512,0,0,0.0,0,0,0.0,2,1,0.6524597044105666,2,0,0.27220604439099233,0,0,0.0,1,0,0.2835294637737971,0,0,0.0
248,10000074,1,0,0.22468318564589398,0,0,0.0,0,0,0.0,0,0,0.0,1,1,0.3239336063787881,1,0,0.134069161540814,0,0,0.0
249,8893321,1,0,0.06726505674541139,1,0,0.0056858488995428225,1,1,0.5959969822817266,0,0,0.0,0,0,0.0,0,0,0.0,0,0,0.0
250,8888605,1,1,0.5722877497447583,0,0,0.0,0,0,0.0,0,0,0.0,0,0,0.0,1,0,0.2802095561257327,0,0,0.0
251,8884022,0,0,0.0,0,0,0.0,0,0,0.0,1,0,0.07281923627050074,0,0,0.0,0,0,0.0,0,0,0.0
252,8883990,0,0,0.0,0,0,0.0,0,0,0.0,1,0,0.09810799882174936,0,0,0.0,0,0,0.0,0,0,0.0
253,8882104,1,1,0.34268691638977994,1,1,0.4312882821251007,0,0,0.0,0,0,0.0,1,0,0.2078620637181341,0,0,0.0,1,1,0.4584794549184768
254,8882122,0,0,0.0,1,1,0.4162582112047705,0,0,0.0,1,0,0.14223629027663304,0,0,0.0,0,0,0.0,0,0,0.0
255,1000001146,3,0,0.6826503267964628,0,0,0.0,0,0,0.0,0,0,0.0,0,0,0.0,1,0,0.07174578423909657,0,0,0.0
256,8882112,2,2,0.7472614299413249,0,0,0.0,0,0,0.0,0,0,0.0,0,0,0.0,0,0,0.0,1,0,-0.061029059284311675
257,1000001143,3,1,0.8356792723689047,0,0,0.0,0,0,0.0,0,0,0.0,2,0,0.5401489075369041,0,0,0.0,0,0,0.0
258,8882095,4,1,1.5093779487160361,0,0,0.0,0,0,0.0,0,0,0.0,0,0,0.0,0,0,0.0,0,0,0.0
259,1000001151,2,1,0.4376976964111908,0,0,0.0,1,0,0.3316585752654492,0,0,0.0,0,0,0.0,0,0,0.0,0,0,0.0
260,8891701,1,1,0.0707934664590314,1,0,0.17751902141693215,0,0,0.0,0,0,0.0,0,0,0.0,0,0,0.0,0,0,0.0
261,1000010416,1,0,-0.036047390402949915,0,0,0.0,0,0,0.0,0,0,0.0,0,0,0.0,0,0,0.0,0,0,0.0
262,8891686,1,0,0.27907565766382664,0,0,0.0,0,0,0.0,0,0,0.0,0,0,0.0,0,0,0.0,0,0,0.0
263,8891433,1,0,0.3469191327033168,0,0,0.0,0,0,0.0,0,0,0.0,0,0,0.0,0,0,0.0,0,0,0.0
264,8894201,1,0,0.4530353763041047,0,0,0.0,0,0,0.0,0,0,0.0,0,0,0.0,0,0,0.0,0,0,0.0
265,1000024648,1,1,0.27209200943005224,0,0,0.0,0,0,0.0,0,0,0.0,0,0,0.0,1,0,-0.06638549626826999,0,0,0.0
266,1000024649,1,0,0.19973208995591568,0,0,0.0,0,0,0.0,0,0,0.0,0,0,0.0,0,0,0.0,0,0,0.0
267,8898911,4,1,1.3345257211934098,5,1,1.174168537217518,0,0,0.0,1,0,0.04635184109990997,9,3,3.872291298939648,1,1,0.8469391454913915,7,1,1.6310565411238298
268,1000017371,8,2,2.8283783559027826,8,3,1.503020989584409,9,2,4.167350178885071,6,0,0.7313993761376943,0,0,0.0,7,1,1.1260756457231627,2,1,0.6094663704077479
269,1000017372,6,2,1.8158190516350339,2,1,0.2863969872655475,3,1,1.0149839077039584,2,0,0.4310220649451867,2,1,0.6965332666989293,4,0,0.5104487162805935,2,0,-0.14250206005159294
270,1000017374,4,0,1.6686246124339716,5,2,2.0621916192674856,1,0,0.04247269839720372,0,0,0.0,5,1,2.121778825273749,1,0,0.010430739664105515,3,1,0.8378336367775727
271,1000025185,1,1,0.5619413481031585,1,0,0.15418892416755764,0,0,0.0,0,0,0.0,0,0,0.0,0,0,0.0,0,0,0.0
272,1000025189,0,0,0.0,0,0,0.0,0,0,0.0,0,0,0.0,1,0,0.3131816190557557,0,0,0.0,0,0,0.0
273,1000025193,0,0,0.0,0,0,0.0,1,0,-0.06856617098550169,0,0,0.0,1,0,0.2623516402391681,0,0,0.0,0,0,0.0
274,1000025204,0,0,0.0,0,0,0.0,0,0,0.0,0,0,0.0,0,0,0.0,1,0,0.2355745155754941,0,0,0.0
275,1000025207,0,0,0.0,0,0,0.0,0,0,0.0,0,0,0.0,0,0,0.0,0,0,0.0,1,0,0.21824896279368436
276,1000025200,1,1,0.4846991405434381,0,0,0.0,0,0,0.0,0,0,0.0,0,0,0.0,0,0,0.0,0,0,0.0
277,1000025194,0,0,0.0,0,0,0.0,0,0,0.0,0,0,0.0,1,1,0.8124391073972028,0,0,0.0,0,0,0.0
278,1000017373,7,3,2.0719624120420383,8,4,1.6316869406653325,0,0,0.0,8,0,0.8159362664646606,3,3,0.7778471710880925,2,0,0.05558292058398952,1,0,0.06276584214313896
279,1000025368,2,1,0.8607082923986443,2,0,0.6578303848662904,0,0,0.0,0,0,0.0,1,0,0.06980033851115919,1,0,0.07359967830779135,2,0,0.24020813164349208
280,1000025371,1,0,0.2153798728106427,0,0,0.0,2,1,0.13831459458617157,0,0,0.0,0,0,0.0,0,0,0.0,0,0,0.0
281,8882334,0,0,0.0,0,0,0.0,1,0,0.06961980069719674,1,0,0.015425765771969082,0,0,0.0,0,0,0.0,0,0,0.0
282,1000025370,1,0,0.13475914554740456,0,0,0.0,0,0,0.0,0,0,0.0,0,0,0.0,0,0,0.0,0,0,0.0
283,8892913,3,2,1.0721168983909921,0,0,0.0,0,0,0.0,1,0,0.04667130692349752,0,0,0.0,1,1,0.4033129327849304,0,0,0.0
284,8892890,0,0,0.0,0,0,0.0,0,0,0.0,0,0,0.0,0,0,0.0,1,1,0.08837595272382938,0,0,0.0
285,8892908,0,0,0.0,2,0,0.3882283594552941,0,0,0.0,0,0,0.0,1,0,0.2469779269222561,1,0,0.2049864075678524,0,0,0.0
286,8892892,1,0,0.4658167758845427,1,0,0.09763484844745424,0,0,0.0,0,0,0.0,0,0,0.0,0,0,0.0,2,0,0.3994491999420555
287,8883558,2,2,0.8144950407291471,0,0,0.0,0,0,0.0,1,0,0.13359552462532165,0,0,0.0,2,0,0.12954950009200233,0,0,0.0
288,8882774,2,0,0.7791356235468514,1,0,0.04104303179226282,0,0,0.0,0,0,0.0,1,1,0.8313279662579455,0,0,0.0,0,0,0.0
289,8882755,1,1,0.3534479416779676,0,0,0.0,1,1,0.8127137884576796,0,0,0.0,0,0,0.0,1,1,0.5694729134457115,1,0,-0.0016960670196826122
290,1000026384,0,0,0.0,0,0,0.0,0,0,0.0,0,0,0.0,0,0,0.0,1,1,0.018285548146742325,0,0,0.0
291,1000026388,1,1,0.034238670247292824,0,0,0.0,0,0,0.0,0,0,0.0,0,0,0.0,0,0,0.0,0,0,0.0
292,8897230,1,0,0.2433076066525237,0,0,0.0,0,0,0.0,0,0,0.0,1,0,0.7185779196973053,0,0,0.0,0,0,0.0
293,1000017377,0,0,0.0,0,0,0.0,1,1,0.3460596426202356,0,0,0.0,1,0,0.6031796110317657,0,0,0.0,1,0,0.05813652788663104
294,8897231,0,0,0.0,1,1,0.19186004878526405,0,0,0.0,0,0,0.0,0,0,0.0,1,0,0.1337032195816194,0,0,0.0
295,1000025935,4,1,1.0341049807556206,0,0,0.0,0,0,0.0,0,0,0.0,1,1,0.5466795935548115,1,0,0.1497481612349783,0,0,0.0
296,8897237,1,0,0.3594279230264485,1,1,0.15723622831080936,0,0,0.0,1,0,0.11490454311454175,0,0,0.0,0,0,0.0,0,0,0.0
297,8897229,1,0,0.22752388718913624,0,0,0.0,0,0,0.0,0,0,0.0,0,0,0.0,0,0,0.0,0,0,0.0
298,8897243,0,0,0.0,1,1,0.10936068068789899,1,0,0.11184800361351256,0,0,0.0,0,0,0.0,2,0,0.5503817776185689,0,0,0.0
299,1000025942,1,0,0.11847809424393813,0,0,0.0,0,0,0.0,0,0,0.0,0,0,0.0,0,0,0.0,0,0,0.0
300,8900893,1,0,0.3667571054906715,1,0,0.0754564971173946,0,0,0.0,0,0,0.0,0,0,0.0,0,0,0.0,0,0,0.0
301,8900901,2,1,0.6520364541640936,0,0,0.0,0,0,0.0,0,0,0.0,0,0,0.0,0,0,0.0,0,0,0.0
302,8897242,1,0,0.27896207570253045,0,0,0.0,1,0,0.423430856055956,0,0,0.0,0,0,0.0,1,0,0.10296018370317443,0,0,0.0
303,8891982,2,0,0.5359237366825398,0,0,0.0,0,0,0.0,0,0,0.0,1,1,0.7384425105036155,0,0,0.0,1,0,0.19952166538174065
304,1000025937,0,0,0.0,0,0,0.0,0,0,0.0,1,0,0.11138590460061264,0,0,0.0,0,0,0.0,0,0,0.0
305,8900891,0,0,0.0,1,0,0.19734981285350345,0,0,0.0,0,0,0.0,0,0,0.0,0,0,0.0,0,0,0.0
306,8897333,0,0,0.0,0,0,0.0,0,0,0.0,0,0,0.0,1,0,0.1447855791388204,0,0,0.0,0,0,0.0
307,1000008907,0,0,0.0,1,1,0.2095145877796934,0,0,0.0,0,0,0.0,0,0,0.0,0,0,0.0,0,0,0.0
308,1000017276,1,0,0.17406509895833222,0,0,0.0,0,0,0.0,1,0,0.15707853778351472,0,0,0.0,0,0,0.0,0,0,0.0
309,8883891,0,0,0.0,0,0,0.0,1,1,1.04440132320774,0,0,0.0,0,0,0.0,0,0,0.0,0,0,0.0
310,681842,0,0,0.0,0,0,0.0,0,0,0.0,0,0,0.0,2,2,1.229621606961228,0,0,0.0,1,0,0.4616906142094783
311,8899405,2,2,0.5186438657121635,0,0,0.0,1,0,0.7213966003705468,0,0,0.0,0,0,0.0,2,0,0.48594247018805314,0,0,0.0
312,8899401,0,0,0.0,0,0,0.0,0,0,0.0,0,0,0.0,1,1,0.6748496243846039,0,0,0.0,0,0,0.0
313,8888956,4,0,1.031437658524303,2,0,0.48401870739801645,1,0,0.1247503636632493,0,0,0.0,0,0,0.0,0,0,0.0,1,0,0.120985399756818
314,8896959,0,0,0.0,1,0,0.24965585739235024,1,1,0.5605772214214411,0,0,0.0,0,0,0.0,1,0,0.053509033882569945,0,0,0.0
315,8889826,2,1,0.2229950060500891,0,0,0.0,1,0,0.05432066446255618,1,0,0.06085774287418439,0,0,0.0,0,0,0.0,0,0,0.0
316,1000023550,0,0,0.0,0,0,0.0,0,0,0.0,1,0,0.23083378395565635,1,1,0.18197597728435835,0,0,0.0,0,0,0.0
317,8895104,0,0,0.0,1,0,0.2019788985080268,0,0,0.0,0,0,0.0,0,0,0.0,0,0,0.0,0,0,0.0
318,10000620,5,3,1.9826201723557821,0,0,0.0,1,0,-0.07647293395617139,1,0,0.19442087629030666,0,0,0.0,0,0,0.0,0,0,0.0
319,8901685,0,0,0.0,0,0,0.0,1,1,0.7661039457772885,0,0,0.0,1,0,0.3110109659258915,0,0,0.0,0,0,0.0
320,663618,1,0,0.13740908857078946,0,0,0.0,0,0,0.0,0,0,0.0,0,0,0.0,0,0,0.0,0,0,0.0
321,669471,1,0,0.4470082136819348,0,0,0.0,0,0,0.0,0,0,0.0,0,0,0.0,1,0,0.09888710706382793,1,0,0.13276001731824305
322,1000026978,1,1,0.5959217440618659,0,0,0.0,1,0,0.150422335553155,0,0,0.0,0,0,0.0,0,0,0.0,0,0,0.0
323,10000625,2,1,1.1427179313838733,0,0,0.0,0,0,0.0,1,0,-0.014818287215191904,0,0,0.0,2,0,0.06891355883686213,0,0,0.0
324,10000623,3,1,1.2594026516741532,1,0,0.2862433745131421,0,0,0.0,0,0,0.0,0,0,0.0,0,0,0.0,0,0,0.0
325,10000626,1,0,0.3733752209244809,1,0,0.08063868220076614,0,0,0.0,0,0,0.0,0,0,0.0,0,0,0.0,0,0,0.0
326,1000026985,0,0,0.0,1,0,-0.004029686257368492,0,0,0.0,0,0,0.0,1,0,0.6024028047652379,1,0,0.052645231085306284,0,0,0.0
327,1000026983,0,0,0.0,0,0,0.0,0,0,0.0,1,0,0.12885506118319545,0,0,0.0,1,0,0.14713622606411386,0,0,0.0
328,10000798,1,0,0.5014408546097482,1,0,0.20120106671205468,0,0,0.0,0,0,0.0,0,0,0.0,0,0,0.0,0,0,0.0
329,8889834,0,0,0.0,1,1,0.4115249388454942,0,0,0.0,0,0,0.0,2,1,0.6379401172408312,0,0,0.0,0,0,0.0
330,10000619,0,0,0.0,1,0,0.11178170861513276,0,0,0.0,0,0,0.0,0,0,0.0,0,0,0.0,0,0,0.0
331,1000026861,2,1,0.8371321825994094,0,0,0.0,0,0,0.0,0,0,0.0,0,0,0.0,0,0,0.0,0,0,0.0
332,1000026860,0,0,0.0,2,1,0.44625748546521526,0,0,0.0,0,0,0.0,0,0,0.0,0,0,0.0,0,0,0.0
333,1000026864,2,0,0.776596055503964,0,0,0.0,0,0,0.0,0,0,0.0,0,0,0.0,1,0,-0.06377148311602288,0,0,0.0
334,1000026865,1,0,0.29804975600838696,0,0,0.0,0,0,0.0,0,0,0.0,0,0,0.0,0,0,0.0,0,0,0.0
335,1000018214,2,0,0.8839512128400988,1,0,0.05428010292967583,0,0,0.0,0,0,0.0,1,1,0.4605843766927503,0,0,0.0,1,0,0.06857559614562803
336,9999672,8,4,3.6097301617238404,1,0,0.1446177098261177,1,0,0.2587916587961499,0,0,0.0,3,3,1.5390354293823996,1,0,0.07685765714947385,4,1,0.7785883830593576
337,8888443,5,2,1.825274348563328,4,0,0.7060306359770605,2,0,0.2389492017692913,0,0,0.0,5,3,2.9734022182048054,1,0,0.0721045219803067,0,0,0.0
338,8899275,7,0,2.200160201086248,2,0,-0.008936312686530442,0,0,0.0,0,0,0.0,2,1,0.6833973641221447,2,0,0.506763742690614,0,0,0.0
339,1000018217,9,4,4.041511714356817,2,1,0.8252307481540976,1,1,0.6846462834442073,3,0,0.38862846582085947,1,0,0.18207062366383053,3,0,0.3979380849248924,1,0,0.2470778039895145
340,1000024474,0,0,0.0,0,0,0.0,1,0,-0.006613058914039266,0,0,0.0,0,0,0.0,1,1,0.4022226362089755,0,0,0.0
341,1000001033,0,0,0.0,0,0,0.0,1,0,0.2739299387203889,0,0,0.0,0,0,0.0,1,0,0.3646383816322282,0,0,0.0
342,8893339,1,1,0.4096770354210835,0,0,0.0,0,0,0.0,0,0,0.0,0,0,0.0,0,0,0.0,1,0,-0.0008688600224675548
343,1000001039,1,1,0.5636047566524698,0,0,0.0,0,0,0.0,0,0,0.0,0,0,0.0,0,0,0.0,0,0,0.0
344,1000001031,1,1,0.7394735074171332,0,0,0.0,0,0,0.0,0,0,0.0,0,0,0.0,0,0,0.0,0,0,0.0
345,1000001028,0,0,0.0,0,0,0.0,0,0,0.0,0,0,0.0,0,0,0.0,1,0,0.1011026594981254,0,0,0.0
346,8899287,4,2,1.9422156571513176,0,0,0.0,2,1,1.1666879233858773,3,2,0.3121259391654762,0,0,0.0,2,0,0.7866329904503018,0,0,0.0
347,8899244,3,0,1.0167124860232146,1,0,0.25877670265976577,1,1,0.4845621952307965,0,0,0.0,0,0,0.0,0,0,0.0,0,0,0.0
348,8889983,1,0,0.14024724579826636,1,0,0.22083507908188327,0,0,0.0,0,0,0.0,0,0,0.0,2,1,0.062203267820457375,3,0,0.47733578830221024
349,1000017379,4,1,1.9803456536203141,0,0,0.0,2,1,0.7626946781443915,0,0,0.0,0,0,0.0,3,0,0.804729332151301,1,0,0.2386970865684161
350,1000017381,0,0,0.0,1,0,0.2867074270477715,0,0,0.0,1,0,0.10752406504589118,0,0,0.0,0,0,0.0,1,0,0.3893125694838453
351,1000017385,1,1,0.2515287854156231,0,0,0.0,0,0,0.0,0,0,0.0,1,0,0.16554346951389087,0,0,0.0,0,0,0.0
352,8891795,1,0,0.3639180593350664,1,0,0.2650020448367145,0,0,0.0,0,0,0.0,0,0,0.0,0,0,0.0,1,0,0.025363168484173748
353,8901251,0,0,0.0,0,0,0.0,0,0,0.0,1,0,0.0444739776410919,0,0,0.0,0,0,0.0,0,0,0.0
354,8901278,1,0,0.699243727674028,1,0,0.17589879295326555,0,0,0.0,0,0,0.0,0,0,0.0,1,0,0.3119913663009157,0,0,0.0
355,8891799,1,1,0.3739977975338372,1,0,0.07251477853985383,0,0,0.0,0,0,0.0,0,0,0.0,0,0,0.0,0,0,0.0
356,8901249,1,1,0.4551126914538564,0,0,0.0,1,1,0.8580478777063626,0,0,0.0,0,0,0.0,0,0,0.0,0,0,0.0
357,1000018300,2,0,0.4184036512398299,1,0,0.2008733444643585,4,2,1.539537333936425,3,0,0.4066431303341664,0,0,0.0,6,1,1.7797181546509586,0,0,0.0
358,1000018296,1,0,0.3670500795124732,0,0,0.0,0,0,0.0,0,0,0.0,0,0,0.0,0,0,0.0,0,0,0.0
359,8895213,1,0,0.478623552894193,0,0,0.0,0,0,0.0,0,0,0.0,1,1,0.8630343486314908,0,0,0.0,2,1,0.45637409627779224
360,8895231,0,0,0.0,0,0,0.0,0,0,0.0,0,0,0.0,0,0,0.0,0,0,0.0,1,0,0.23171181423363674
361,8895147,1,1,0.38168427880902617,0,0,0.0,0,0,0.0,0,0,0.0,0,0,0.0,0,0,0.0,0,0,0.0
362,9999983,2,0,0.6568902334690195,1,0,0.13668059494495596,1,0,0.23502029803354146,3,2,0.622486172208423,0,0,0.0,0,0,0.0,2,1,0.4913992896039363
363,8890876,2,1,0.5207270189748253,1,0,0.4483247466777153,0,0,0.0,0,0,0.0,5,3,2.5832657830808534,0,0,0.0,3,0,0.5353100966946434
364,8884530,4,2,1.9734314920514235,1,0,0.4211962978199158,0,0,0.0,0,0,0.0,3,1,1.537301090268837,1,0,-0.023749401960207084,3,1,0.9984235941985369
365,8882417,4,4,1.4876208191358802,0,0,0.0,2,1,0.6424516915053535,1,0,0.13549125513747384,1,0,0.05818816893127333,4,0,0.3153507246410415,0,0,0.0
366,9999989,6,3,2.8464481824865158,0,0,0.0,1,0,0.034664989588871195,1,0,0.3095594784282301,0,0,0.0,3,0,0.33142558192767785,0,0,0.0
367,10000013,7,4,3.22889525664733,4,0,0.4283289889946546,0,0,0.0,0,0,0.0,3,1,1.2282211433987844,0,0,0.0,3,0,0.129900393924121
368,8899597,2,1,1.096088761592275,0,0,0.0,1,0,0.272886537551129,0,0,0.0,0,0,0.0,1,0,0.009654668208178507,0,0,0.0
369,1000024871,0,0,0.0,0,0,0.0,1,0,0.10508845240977452,0,0,0.0,1,0,0.25133769505809306,0,0,0.0,0,0,0.0
370,663600,0,0,0.0,0,0,0.0,0,0,0.0,0,0,0.0,0,0,0.0,1,0,-0.013844865521657812,0,0,0.0
371,8897516,0,0,0.0,0,0,0.0,1,0,0.4122222422242532,0,0,0.0,0,0,0.0,0,0,0.0,0,0,0.0
372,1000024860,0,0,0.0,0,0,0.0,0,0,0.0,0,0,0.0,1,0,0.2954288840242885,1,0,0.09130521617184696,0,0,0.0
373,8883542,0,0,0.0,0,0,0.0,0,0,0.0,0,0,0.0,0,0,0.0,1,0,0.017008952616580142,0,0,0.0
374,8889396,1,0,0.4789638038811178,0,0,0.0,0,0,0.0,0,0,0.0,0,0,0.0,0,0,0.0,0,0,0.0
375,8893028,1,1,0.314030026024738,0,0,0.0,0,0,0.0,0,0,0.0,0,0,0.0,0,0,0.0,0,0,0.0
376,8893018,1,0,0.3681063484850457,0,0,0.0,0,0,0.0,0,0,0.0,0,0,0.0,0,0,0.0,0,0,0.0
377,1000001483,0,0,0.0,0,0,0.0,0,0,0.0,0,0,0.0,0,0,0.0,1,0,0.2807754548367943,0,0,0.0
378,1000026167,1,1,0.5972862909734273,0,0,0.0,0,0,0.0,0,0,0.0,0,0,0.0,0,0,0.0,0,0,0.0
379,8881307,0,0,0.0,0,0,0.0,0,0,0.0,0,0,0.0,0,0,0.0,0,0,0.0,1,0,0.15120604925436254
380,681581,1,0,0.41808911789488296,0,0,0.0,2,1,0.8512361084968854,0,0,0.0,1,0,0.2413487465546493,1,0,0.08167128238655813,0,0,0.0
381,8888435,2,0,0.6942231324256571,0,0,0.0,3,2,1.517669020151974,0,0,0.0,0,0,0.0,0,0,0.0,1,1,0.2686034684617904
382,900146,2,0,0.23067602009472818,0,0,0.0,1,1,0.4447223711448013,0,0,0.0,2,0,0.6414174896852352,0,0,0.0,0,0,0.0
383,1000010510,3,0,0.5828162028825978,0,0,0.0,0,0,0.0,0,0,0.0,1,0,0.4571309845006569,0,0,0.0,0,0,0.0
384,8899476,1,1,0.4815221014115681,1,0,0.16345595693789633,2,0,0.4845152809525482,1,0,0.07204614849824276,0,0,0.0,0,0,0.0,0,0,0.0
385,900150,5,2,1.9577051323464314,0,0,0.0,0,0,0.0,0,0,0.0,2,1,0.9350032322894595,3,1,0.3498603561062313,0,0,0.0
386,664983,1,1,0.3914994275181057,1,0,0.02174033374145673,2,1,0.9779714848667747,0,0,0.0,0,0,0.0,0,0,0.0,0,0,0.0
387,1000018389,1,1,0.502967519157024,1,0,0.02572705935445324,0,0,0.0,0,0,0.0,1,0,0.24672571057364376,1,1,0.4421376203025049,0,0,0.0
388,8890686,3,0,0.5524900070714066,0,0,0.0,3,3,1.0647212048211463,0,0,0.0,0,0,0.0,0,0,0.0,0,0,0.0
389,8890690,0,0,0.0,0,0,0.0,0,0,0.0,0,0,0.0,0,0,0.0,1,0,0.10641378959923957,0,0,0.0
390,8889423,1,0,0.2543074636602291,0,0,0.0,0,0,0.0,0,0,0.0,0,0,0.0,0,0,0.0,0,0,0.0
391,8899226,3,1,1.0188173382769528,1,0,0.201855577292236,0,0,0.0,0,0,0.0,0,0,0.0,0,0,0.0,1,1,0.4473618424919583
392,8899258,0,0,0.0,0,0,0.0,0,0,0.0,0,0,0.0,1,0,0.4581484947461834,0,0,0.0,0,0,0.0
393,1000018391,0,0,0.0,0,0,0.0,0,0,0.0,0,0,0.0,0,0,0.0,1,0,-0.06856866199220774,0,0,0.0
394,8892146,5,1,1.3011020086892862,4,2,1.273968347515427,1,0,-0.049089532550474296,1,0,0.02614658650330504,2,1,0.9242899553834214,1,0,0.1913248719453567,3,0,0.5020801845972254
395,1000017380,0,0,0.0,0,0,0.0,1,0,0.2140872524394768,0,0,0.0,1,0,0.3110462767250082,0,0,0.0,0,0,0.0
396,8882087,2,1,0.6196032172655463,2,1,0.3575260933464204,2,0,0.3649532104723303,2,0,0.25060103872928785,0,0,0.0,0,0,0.0,0,0,0.0
397,1000024859,0,0,0.0,0,0,0.0,1,0,0.315669681110383,0,0,0.0,1,0,0.34778056284859393,0,0,0.0,0,0,0.0
398,8901616,1,1,0.4377742240100038,0,0,0.0,0,0,0.0,0,0,0.0,0,0,0.0,0,0,0.0,0,0,0.0
399,8900750,1,0,0.4372842979693274,0,0,0.0,0,0,0.0,0,0,0.0,0,0,0.0,0,0,0.0,0,0,0.0
400,8900199,0,0,0.0,0,0,0.0,1,1,0.1017628889780994,0,0,0.0,1,0,0.0214355101854109,0,0,0.0,0,0,0.0
401,1000010302,3,2,1.1806282361638674,2,0,0.4350429035467686,2,2,1.5764145450115143,0,0,0.0,0,0,0.0,2,0,0.150496779077175,0,0,0.0
402,8900757,0,0,0.0,1,0,0.10178769972631503,0,0,0.0,0,0,0.0,0,0,0.0,0,0,0.0,0,0,0.0
403,1000025378,0,0,0.0,0,0,0.0,0,0,0.0,0,0,0.0,0,0,0.0,0,0,0.0,1,0,-0.04737135887454036
404,1000017366,2,1,0.7887594794894301,1,0,0.2987847157485934,0,0,0.0,0,0,0.0,0,0,0.0,0,0,0.0,0,0,0.0
405,8883666,0,0,0.0,0,0,0.0,1,0,-0.040854447348673766,0,0,0.0,0,0,0.0,0,0,0.0,0,0,0.0
406,1000017363,0,0,0.0,1,0,0.08221925247263058,1,1,0.1804148113637476,0,0,0.0,0,0,0.0,0,0,0.0,0,0,0.0
407,8898876,0,0,0.0,0,0,0.0,0,0,0.0,0,0,0.0,0,0,0.0,0,0,0.0,1,0,-0.006209980114773028
408,8892151,0,0,0.0,0,0,0.0,0,0,0.0,0,0,0.0,0,0,0.0,0,0,0.0,1,0,0.11662904919256124
409,663492,2,0,0.744678222887809,0,0,0.0,1,1,0.4343577138142333,0,0,0.0,0,0,0.0,1,1,0.5497661996938923,0,0,0.0
410,8900208,0,0,0.0,0,0,0.0,1,1,0.8095258492201389,0,0,0.0,0,0,0.0,0,0,0.0,0,0,0.0
411,8888431,2,1,0.28678567580481906,0,0,0.0,0,0,0.0,0,0,0.0,0,0,0.0,1,1,0.3091849099791472,0,0,0.0
412,1000024842,1,0,0.19945892596115425,1,1,0.3783292725704897,0,0,0.0,0,0,0.0,0,0,0.0,0,0,0.0,0,0,0.0
413,8892290,0,0,0.0,1,1,0.5434687528426112,0,0,0.0,0,0,0.0,0,0,0.0,0,0,0.0,0,0,0.0
414,8889383,0,0,0.0,0,0,0.0,1,1,0.8313306994197238,0,0,0.0,0,0,0.0,0,0,0.0,0,0,0.0
415,1000010175,0,0,0.0,0,0,0.0,0,0,0.0,0,0,0.0,1,1,0.9043521368894664,0,0,0.0,0,0,0.0
416,8892286,0,0,0.0,1,0,0.16982346138699314,0,0,0.0,0,0,0.0,0,0,0.0,0,0,0.0,0,0,0.0
417,8882584,0,0,0.0,0,0,0.0,0,0,0.0,0,0,0.0,1,0,0.18785146905347605,0,0,0.0,0,0,0.0
418,8891796,1,0,0.30590182782984626,0,0,0.0,0,0,0.0,0,0,0.0,0,0,0.0,0,0,0.0,0,0,0.0
419,8893997,1,0,-0.024976201851010155,0,0,0.0,0,0,0.0,0,0,0.0,0,0,0.0,0,0,0.0,0,0,0.0
420,1000018229,0,0,0.0,0,0,0.0,0,0,0.0,0,0,0.0,0,0,0.0,0,0,0.0,1,1,0.4472574087036287
421,10000501,0,0,0.0,0,0,0.0,1,0,0.09423142542441172,0,0,0.0,0,0,0.0,0,0,0.0,0,0,0.0
422,1000010214,0,0,0.0,0,0,0.0,0,0,0.0,1,0,0.11983870136648972,0,0,0.0,0,0,0.0,0,0,0.0
423,1000018302,0,0,0.0,1,0,0.23903988005968815,0,0,0.0,0,0,0.0,0,0,0.0,0,0,0.0,0,0,0.0
424,8898953,2,1,0.6750517025679185,0,0,0.0,0,0,0.0,0,0,0.0,0,0,0.0,0,0,0.0,0,0,0.0
425,10000197,2,0,0.768750528631501,0,0,0.0,0,0,0.0,0,0,0.0,1,0,0.19185295202213412,0,0,0.0,0,0,0.0
426,10000485,0,0,0.0,0,0,0.0,0,0,0.0,1,1,0.4907355941604956,0,0,0.0,0,0,0.0,0,0,0.0
427,1000009965,1,0,0.3004026868857405,0,0,0.0,0,0,0.0,0,0,0.0,0,0,0.0,2,2,1.3295665154908212,0,0,0.0
428,8881902,3,0,0.594609167855651,2,1,0.5446312036906932,0,0,0.0,0,0,0.0,1,0,0.6195764364844144,0,0,0.0,1,0,-0.11698069907227593
429,8885574,1,0,0.09480365044627576,0,0,0.0,0,0,0.0,0,0,0.0,0,0,0.0,0,0,0.0,0,0,0.0
430,8888852,0,0,0.0,0,0,0.0,0,0,0.0,0,0,0.0,1,1,0.7549934796702619,0,0,0.0,0,0,0.0
431,8900200,0,0,0.0,0,0,0.0,0,0,0.0,1,0,0.046960411496620565,0,0,0.0,0,0,0.0,0,0,0.0
432,1000025717,1,0,0.3255751259783992,1,0,0.026051838133783367,0,0,0.0,0,0,0.0,0,0,0.0,0,0,0.0,0,0,0.0
433,8883024,3,0,0.9640496621387096,1,0,0.15147208236973647,0,0,0.0,0,0,0.0,0,0,0.0,1,1,0.2254722192761088,0,0,0.0
434,8892772,2,1,0.9453154075578043,0,0,0.0,0,0,0.0,0,0,0.0,0,0,0.0,0,0,0.0,0,0,0.0
435,1000025605,2,2,0.9044721263742264,1,0,0.04741501150504807,0,0,0.0,0,0,0.0,1,0,0.08675035567185563,1,0,0.11262194180051137,1,0,0.049682711156203034
436,1000025722,2,1,0.8694801025549161,0,0,0.0,1,1,0.4960047516082257,0,0,0.0,1,0,0.3164273134683417,0,0,0.0,0,0,0.0
437,1000010379,1,0,0.17298510537826145,0,0,0.0,0,0,0.0,0,0,0.0,0,0,0.0,0,0,0.0,1,0,0.34076513926693863
438,1000010375,1,0,0.11914506895908933,1,0,0.1643978505220755,0,0,0.0,0,0,0.0,0,0,0.0,0,0,0.0,0,0,0.0
439,1000010388,1,0,0.3940131646381909,0,0,0.0,0,0,0.0,0,0,0.0,0,0,0.0,1,0,-0.017335310241502644,0,0,0.0
440,1000010387,1,0,0.042723544103343565,0,0,0.0,0,0,0.0,0,0,0.0,0,0,0.0,0,0,0.0,0,0,0.0
441,1000010378,1,1,0.4048232254292338,0,0,0.0,0,0,0.0,0,0,0.0,1,0,0.4559966279215487,0,0,0.0,0,0,0.0
442,1000010393,1,0,0.2655116284940831,0,0,0.0,0,0,0.0,0,0,0.0,0,0,0.0,1,0,-0.021255540338116,0,0,0.0
443,1000010394,0,0,0.0,0,0,0.0,1,1,0.5830703363988223,0,0,0.0,0,0,0.0,0,0,0.0,0,0,0.0
444,10000602,0,0,0.0,1,0,0.1792811336052988,0,0,0.0,1,0,0.14213559943727794,0,0,0.0,0,0,0.0,0,0,0.0
445,10000594,0,0,0.0,1,0,0.4025200773211379,0,0,0.0,0,0,0.0,0,0,0.0,0,0,0.0,0,0,0.0
446,8895424,0,0,0.0,0,0,0.0,0,0,0.0,0,0,0.0,0,0,0.0,1,0,0.14835839670496426,0,0,0.0
447,1000025959,0,0,0.0,1,0,0.007030313667257204,0,0,0.0,0,0,0.0,1,0,0.4501072003453685,0,0,0.0,1,0,0.3250494001845743
448,1000026255,1,0,0.3709269275644141,0,0,0.0,0,0,0.0,0,0,0.0,0,0,0.0,1,0,0.26873933031653513,0,0,0.0
449,1000026275,0,0,0.0,1,0,0.10811727781737784,0,0,0.0,0,0,0.0,0,0,0.0,0,0,0.0,0,0,0.0
450,1000026263,0,0,0.0,0,0,0.0,0,0,0.0,1,0,0.2083552659335245,0,0,0.0,0,0,0.0,0,0,0.0
451,1000026260,0,0,0.0,1,1,-0.08009175352370003,0,0,0.0,0,0,0.0,0,0,0.0,1,0,-0.09257886935753223,0,0,0.0
452,1000026276,1,0,0.2311540978972316,0,0,0.0,0,0,0.0,0,0,0.0,0,0,0.0,0,0,0.0,0,0,0.0
453,1000013630,0,0,0.0,0,0,0.0,0,0,0.0,0,0,0.0,0,0,0.0,1,0,0.03142286563736102,0,0,0.0
454,10000163,1,0,0.3516492479568421,0,0,0.0,0,0,0.0,0,0,0.0,0,0,0.0,1,1,0.03627754573609199,1,0,0.01904606433483158
455,8881495,0,0,0.0,1,0,0.20074323393941512,0,0,0.0,0,0,0.0,0,0,0.0,0,0,0.0,1,0,0.14643498469665728
456,10000135,1,0,0.2434914732683494,1,0,0.0839739829841098,0,0,0.0,0,0,0.0,0,0,0.0,1,1,0.4653740975687649,0,0,0.0
457,10000170,1,0,0.23160721803812465,1,0,0.18868855375508525,2,0,0.665806572830494,0,0,0.0,0,0,0.0,0,0,0.0,0,0,0.0
458,1000018532,0,0,0.0,1,0,0.2255775715893696,0,0,0.0,0,0,0.0,0,0,0.0,0,0,0.0,0,0,0.0
459,10000156,0,0,0.0,0,0,0.0,0,0,0.0,0,0,0.0,0,0,0.0,0,0,0.0,1,0,0.23462521417629434
460,10000162,0,0,0.0,0,0,0.0,1,1,0.6603642901705857,0,0,0.0,1,0,0.20854885736048526,1,0,0.103345860840878,0,0,0.0
461,8881509,0,0,0.0,0,0,0.0,0,0,0.0,1,0,0.10138205097229673,0,0,0.0,0,0,0.0,0,0,0.0
462,8881506,1,0,0.3141873582738225,0,0,0.0,0,0,0.0,0,0,0.0,0,0,0.0,0,0,0.0,0,0,0.0
463,1000018534,0,0,0.0,0,0,0.0,0,0,0.0,0,0,0.0,1,0,-0.05426955848723769,0,0,0.0,0,0,0.0
464,1000001307,0,0,0.0,1,0,0.03599803054960965,0,0,0.0,0,0,0.0,0,0,0.0,1,0,0.003127324783392393,0,0,0.0
465,1000001276,0,0,0.0,0,0,0.0,1,0,-0.018517021656756973,0,0,0.0,0,0,0.0,0,0,0.0,0,0,0.0
466,1000024446,2,1,0.820989898822678,4,1,0.8766127698490082,0,0,0.0,0,0,0.0,1,0,0.12980172822947322,1,0,0.12123464490209596,2,0,-0.0609475836095803
467,8891132,1,0,0.4627521247705892,1,0,0.1469013345252313,1,0,0.5442652823737028,0,0,0.0,0,0,0.0,0,0,0.0,1,0,0.034792193353348384
468,1000024442,4,3,1.4539447717124054,0,0,0.0,1,0,0.2567493383601172,1,0,0.09295157787118258,0,0,0.0,0,0,0.0,0,0,0.0
469,8899523,0,0,0.0,0,0,0.0,0,0,0.0,0,0,0.0,0,0,0.0,0,0,0.0,1,0,0.2763258225931047
470,1000008922,2,0,0.3479941217210818,0,0,0.0,3,1,1.0021508992056387,1,0,0.3311302009970152,1,0,0.2007869577450161,2,0,0.6300052947820969,1,1,0.42464663711978895
471,8891120,4,2,1.732760839720341,2,0,0.279538533205329,0,0,0.0,0,0,0.0,1,0,0.10871240253245573,0,0,0.0,0,0,0.0
472,8886192,2,0,0.7198891300080972,0,0,0.0,0,0,0.0,1,0,0.11545565804129693,1,1,0.8898502686297679,2,0,0.42952549173687926,0,0,0.0
473,1000017389,0,0,0.0,0,0,0.0,0,0,0.0,0,0,0.0,1,0,0.28314327055342114,0,0,0.0,0,0,0.0
474,1000017384,1,0,0.4090123903960221,0,0,0.0,0,0,0.0,0,0,0.0,0,0,0.0,0,0,0.0,0,0,0.0
475,1000024342,0,0,0.0,1,0,0.6388215720707096,0,0,0.0,0,0,0.0,0,0,0.0,1,1,0.1376265689982235,0,0,0.0
476,1000024339,0,0,0.0,0,0,0.0,1,1,0.6419116938013287,0,0,0.0,1,0,0.046260413592300376,1,0,0.27732434186744465,0,0,0.0
477,1000024346,0,0,0.0,1,0,0.17537020866396275,0,0,0.0,1,1,0.3941307933160951,0,0,0.0,0,0,0.0,0,0,0.0
478,8882111,1,1,0.29984989649448,0,0,0.0,0,0,0.0,0,0,0.0,0,0,0.0,0,0,0.0,1,0,0.15600308392133044
479,8893163,0,0,0.0,0,0,0.0,1,0,0.3113246318237758,1,0,0.018161347068445355,0,0,0.0,0,0,0.0,0,0,0.0
480,8881999,0,0,0.0,0,0,0.0,0,0,0.0,0,0,0.0,0,0,0.0,0,0,0.0,1,0,0.11907950967052637
481,1000026075,2,1,1.0926945067367615,0,0,0.0,0,0,0.0,0,0,0.0,0,0,0.0,0,0,0.0,0,0,0.0
482,10000636,0,0,0.0,0,0,0.0,0,0,0.0,1,0,0.030663039299044962,0,0,0.0,0,0,0.0,0,0,0.0
483,10000662,0,0,0.0,0,0,0.0,1,0,0.633784414758451,0,0,0.0,0,0,0.0,1,0,0.07036350877420916,0,0,0.0
484,1000026072,1,0,0.28651632484423023,0,0,0.0,0,0,0.0,0,0,0.0,0,0,0.0,1,1,0.6762953881412104,0,0,0.0
485,10000643,1,0,0.082818220036386,1,1,0.3672380710724456,0,0,0.0,0,0,0.0,0,0,0.0,0,0,0.0,0,0,0.0
486,10000669,1,0,0.31985702913428554,0,0,0.0,0,0,0.0,0,0,0.0,0,0,0.0,0,0,0.0,0,0,0.0
487,1000026074,1,0,0.3825360428326489,0,0,0.0,0,0,0.0,0,0,0.0,0,0,0.0,0,0,0.0,0,0,0.0
488,1000026068,1,1,0.3819089537673425,0,0,0.0,0,0,0.0,0,0,0.0,1,1,0.8093046090237266,0,0,0.0,0,0,0.0
489,10000075,1,1,0.7398465551099114,1,0,0.21891984016447125,0,0,0.0,0,0,0.0,0,0,0.0,0,0,0.0,0,0,0.0
490,8881192,0,0,0.0,0,0,0.0,1,0,0.3995551404706573,0,0,0.0,0,0,0.0,1,0,-0.014194056377480948,0,0,0.0
491,8889498,0,0,0.0,0,0,0.0,1,1,0.6485420800462369,0,0,0.0,0,0,0.0,0,0,0.0,0,0,0.0
492,1000018218,0,0,0.0,0,0,0.0,2,0,0.26280555862837546,0,0,0.0,1,1,0.6535602538318558,1,0,-0.0420172620063376,0,0,0.0
493,1000028164,0,0,0.0,1,0,0.38746571367062105,0,0,0.0,0,0,0.0,0,0,0.0,0,0,0.0,0,0,0.0
494,8893429,1,0,0.3052589868999483,0,0,0.0,0,0,0.0,0,0,0.0,0,0,0.0,0,0,0.0,0,0,0.0
495,8893427,0,0,0.0,1,0,0.4281157474798792,0,0,0.0,0,0,0.0,0,0,0.0,0,0,0.0,0,0,0.0
496,1000028145,0,0,0.0,0,0,0.0,0,0,0.0,1,0,0.09209200454133376,0,0,0.0,0,0,0.0,0,0,0.0
497,9999665,1,0,0.4960908591904499,2,0,0.7090438840266209,0,0,0.0,0,0,0.0,1,1,0.3876382844410417,1,0,0.0098078302728431,1,0,0.3228836333769705
498,8893455,0,0,0.0,1,0,0.3460600398004235,0,0,0.0,0,0,0.0,0,0,0.0,0,0,0.0,0,0,0.0
499,8893434,0,0,0.0,0,0,0.0,0,0,0.0,0,0,0.0,1,0,0.2271294259742969,0,0,0.0,0,0,0.0
500,8901379,0,0,0.0,0,0,0.0,0,0,0.0,0,0,0.0,0,0,0.0,1,1,0.6286999870563335,0,0,0.0
501,8886173,1,0,0.02457795950999364,1,0,0.4659243260072908,0,0,0.0,0,0,0.0,0,0,0.0,0,0,0.0,0,0,0.0
502,8882066,0,0,0.0,1,0,0.07263620874324822,0,0,0.0,0,0,0.0,0,0,0.0,0,0,0.0,0,0,0.0
503,1000026613,1,0,0.34476930012571555,0,0,0.0,0,0,0.0,0,0,0.0,0,0,0.0,0,0,0.0,0,0,0.0
504,1000026622,0,0,0.0,0,0,0.0,0,0,0.0,0,0,0.0,0,0,0.0,1,1,0.5911409887475052,0,0,0.0
505,1000026627,0,0,0.0,1,0,0.20378916063487454,0,0,0.0,0,0,0.0,0,0,0.0,0,0,0.0,0,0,0.0
506,1000026611,1,0,0.3051016500402763,0,0,0.0,0,0,0.0,0,0,0.0,0,0,0.0,0,0,0.0,0,0,0.0
507,1000018484,1,0,0.3615887939097869,0,0,0.0,0,0,0.0,0,0,0.0,0,0,0.0,0,0,0.0,0,0,0.0
508,8888861,0,0,0.0,0,0,0.0,1,1,0.8620714799127717,0,0,0.0,0,0,0.0,0,0,0.0,0,0,0.0
509,10000340,0,0,0.0,0,0,0.0,1,1,0.5062251437820682,0,0,0.0,0,0,0.0,0,0,0.0,0,0,0.0
510,1000026078,2,1,0.6422064032198354,0,0,0.0,0,0,0.0,1,0,0.2674507195513409,0,0,0.0,0,0,0.0,0,0,0.0
511,10000341,0,0,0.0,0,0,0.0,0,0,0.0,0,0,0.0,0,0,0.0,0,0,0.0,1,0,0.28167175676269984
512,10000356,1,0,0.225014001885782,0,0,0.0,0,0,0.0,0,0,0.0,0,0,0.0,1,1,0.29525026735131016,0,0,0.0
513,8899577,3,1,1.186180027009744,3,0,0.41370318273164014,0,0,0.0,0,0,0.0,1,0,0.2102760798067056,0,0,0.0,0,0,0.0
514,8900845,4,1,1.9966573108644772,1,0,0.25432722834826776,0,0,0.0,0,0,0.0,1,0,0.323053740355328,0,0,0.0,0,0,0.0
515,8895544,0,0,0.0,0,0,0.0,2,1,1.0279323995954377,1,0,0.17385892101948774,0,0,0.0,0,0,0.0,0,0,0.0
516,8900834,1,0,0.3111229071072709,0,0,0.0,0,0,0.0,0,0,0.0,0,0,0.0,0,0,0.0,0,0,0.0
517,1000026189,2,0,0.697032961501249,0,0,0.0,0,0,0.0,0,0,0.0,0,0,0.0,0,0,0.0,1,1,0.5359877371871762
518,8895412,1,0,0.15808415043327326,1,0,0.11418771426697265,0,0,0.0,0,0,0.0,1,0,0.5939246943546997,0,0,0.0,0,0,0.0
519,8900832,1,1,0.5367989994871385,1,0,0.02147607319266193,0,0,0.0,0,0,0.0,1,0,0.42187257338663703,0,0,0.0,0,0,0.0
520,8900830,1,0,0.24001516504625725,0,0,0.0,0,0,0.0,0,0,0.0,0,0,0.0,0,0,0.0,0,0,0.0
521,8896909,1,0,0.3461635784823773,0,0,0.0,0,0,0.0,0,0,0.0,0,0,0.0,0,0,0.0,0,0,0.0
522,8897414,1,1,-0.01549176641328409,0,0,0.0,0,0,0.0,0,0,0.0,0,0,0.0,0,0,0.0,0,0,0.0
523,1000024933,0,0,0.0,1,0,0.07258801905445507,0,0,0.0,1,0,0.16374481556784964,0,0,0.0,1,0,0.04443518915356615,0,0,0.0
524,1000024936,1,0,0.2838807510366053,0,0,0.0,0,0,0.0,1,0,0.2660860698164048,0,0,0.0,0,0,0.0,0,0,0.0
525,8897422,0,0,0.0,0,0,0.0,0,0,0.0,0,0,0.0,0,0,0.0,1,1,0.3665440302743012,0,0,0.0
526,8897415,0,0,0.0,0,0,0.0,0,0,0.0,1,0,0.15554158927937178,0,0,0.0,0,0,0.0,0,0,0.0
527,8898919,1,0,0.5830514340414328,0,0,0.0,1,1,0.24161007719250185,0,0,0.0,0,0,0.0,0,0,0.0,0,0,0.0
528,1000008833,0,0,0.0,1,0,0.11239608928957562,0,0,0.0,0,0,0.0,0,0,0.0,0,0,0.0,0,0,0.0
529,8888784,0,0,0.0,1,0,0.003117238927749011,0,0,0.0,0,0,0.0,1,1,0.6926303250888453,1,1,0.2626002647563242,0,0,0.0
530,8899403,0,0,0.0,1,0,0.17230701560992506,0,0,0.0,0,0,0.0,0,0,0.0,0,0,0.0,0,0,0.0
531,1000023552,0,0,0.0,0,0,0.0,0,0,0.0,0,0,0.0,1,0,0.1850365080437668,0,0,0.0,0,0,0.0
532,10000220,0,0,0.0,0,0,0.0,2,0,0.9573560474440993,0,0,0.0,0,0,0.0,0,0,0.0,0,0,0.0
533,10000213,0,0,0.0,0,0,0.0,1,0,0.4006484371135309,0,0,0.0,0,0,0.0,0,0,0.0,0,0,0.0
534,10000184,0,0,0.0,0,0,0.0,0,0,0.0,0,0,0.0,0,0,0.0,0,0,0.0,1,0,0.13380325133829496
535,10000223,0,0,0.0,1,0,0.4351655787205177,0,0,0.0,0,0,0.0,0,0,0.0,0,0,0.0,0,0,0.0
536,10000214,0,0,0.0,0,0,0.0,0,0,0.0,0,0,0.0,0,0,0.0,1,0,0.249278879293453,0,0,0.0
537,8888799,0,0,0.0,1,0,0.3163927134602841,0,0,0.0,0,0,0.0,0,0,0.0,0,0,0.0,0,0,0.0
538,1000025162,0,0,0.0,0,0,0.0,0,0,0.0,0,0,0.0,1,0,0.2361469444771831,0,0,0.0,1,0,-0.01300588616459608
539,9999930,1,0,0.5183369306419845,0,0,0.0,0,0,0.0,0,0,0.0,1,0,0.29014926783537104,0,0,0.0,0,0,0.0
540,1000025163,0,0,0.0,0,0,0.0,1,0,0.07870429224922369,0,0,0.0,0,0,0.0,0,0,0.0,0,0,0.0
541,1000025720,0,0,0.0,0,0,0.0,1,1,0.6308735676137545,1,1,0.5167266051612891,0,0,0.0,0,0,0.0,0,0,0.0
542,1000025732,0,0,0.0,2,0,0.543835238070848,0,0,0.0,0,0,0.0,0,0,0.0,0,0,0.0,0,0,0.0
543,8889382,1,1,0.6369001187756478,0,0,0.0,0,0,0.0,0,0,0.0,1,0,0.5258835684836392,0,0,0.0,1,0,0.4848052231436779
544,1000010285,2,0,0.3681313708636255,0,0,0.0,0,0,0.0,0,0,0.0,0,0,0.0,0,0,0.0,0,0,0.0
545,8894282,0,0,0.0,1,0,0.16847202786923027,0,0,0.0,0,0,0.0,0,0,0.0,0,0,0.0,0,0,0.0
546,1000025604,1,0,0.4176957290726179,1,0,0.15850544601795685,0,0,0.0,0,0,0.0,0,0,0.0,0,0,0.0,0,0,0.0
547,8883171,1,0,0.18028964308709186,0,0,0.0,0,0,0.0,0,0,0.0,0,0,0.0,0,0,0.0,0,0,0.0
548,1000024444,0,0,0.0,0,0,0.0,0,0,0.0,0,0,0.0,1,0,0.12201622605991425,0,0,0.0,0,0,0.0
549,1000016214,0,0,0.0,0,0,0.0,1,1,0.4333354178784582,0,0,0.0,0,0,0.0,0,0,0.0,0,0,0.0
